10000 2.1457672119140625e-06 0.11982369422912598
20000 2.86102294921875e-06 0.26657557487487793
30000 4.5299530029296875e-06 0.37018728256225586
40000 4.0531158447265625e-06 0.7319083213806152
50000 4.76837158203125e-06 0.49134373664855957
60000 5.0067901611328125e-06 0.4481189250946045
70000 6.198883056640625e-06 0.9959437847137451
80000 6.198883056640625e-06 0.945965051651001
90000 4.76837158203125e-06 0.8377780914306641
100000 6.198883056640625e-06 0.9640884399414062
110000 6.198883056640625e-06 1.8759024143218994
120000 5.7220458984375e-06 1.2913243770599365
130000 5.7220458984375e-06 1.6633315086364746
140000 7.3909759521484375e-06 2.4570467472076416
150000 8.821487426757812e-06 2.2480826377868652
160000 7.62939453125e-06 2.4150502681732178
170000 5.9604644775390625e-06 2.2376484870910645
180000 6.67572021484375e-06 2.34542179107666
190000 6.67572021484375e-06 3.456188440322876
200000 6.198883056640625e-06 4.589405059814453
210000 9.059906005859375e-06 4.151689052581787
220000 8.821487426757812e-06 5.126349925994873
230000 8.821487426757812e-06 6.15563702583313
240000 8.344650268554688e-06 4.028216361999512
250000 6.198883056640625e-06 4.80634880065918
260000 6.4373016357421875e-06 5.0390448570251465
270000 6.9141387939453125e-06 6.051653861999512
280000 8.344650268554688e-06 5.166575908660889
290000 7.152557373046875e-06 8.476799249649048
300000 7.152557373046875e-06 5.638581037521362
310000 6.9141387939453125e-06 5.952587604522705
320000 7.62939453125e-06 7.457151174545288
