10000 2.1457672119140625e-06
20000 2.86102294921875e-06
30000 4.5299530029296875e-06
40000 4.0531158447265625e-06
50000 4.76837158203125e-06
60000 5.0067901611328125e-06
70000 6.198883056640625e-06
80000 6.198883056640625e-06
90000 4.76837158203125e-06
100000 6.198883056640625e-06
110000 6.198883056640625e-06
120000 5.7220458984375e-06
130000 5.7220458984375e-06
140000 7.3909759521484375e-06
150000 8.821487426757812e-06
160000 7.62939453125e-06
170000 5.9604644775390625e-06
180000 6.67572021484375e-06
190000 6.67572021484375e-06
200000 6.198883056640625e-06
210000 9.059906005859375e-06
220000 8.821487426757812e-06
230000 8.821487426757812e-06
240000 8.344650268554688e-06
250000 6.198883056640625e-06
260000 6.4373016357421875e-06
270000 6.9141387939453125e-06
280000 8.344650268554688e-06
290000 7.152557373046875e-06
300000 7.152557373046875e-06
310000 6.9141387939453125e-06
320000 7.62939453125e-06
