10000 0.11982369422912598
20000 0.26657557487487793
30000 0.37018728256225586
40000 0.7319083213806152
50000 0.49134373664855957
60000 0.4481189250946045
70000 0.9959437847137451
80000 0.945965051651001
90000 0.8377780914306641
100000 0.9640884399414062
110000 1.8759024143218994
120000 1.2913243770599365
130000 1.6633315086364746
140000 2.4570467472076416
150000 2.2480826377868652
160000 2.4150502681732178
170000 2.2376484870910645
180000 2.34542179107666
190000 3.456188440322876
200000 4.589405059814453
210000 4.151689052581787
220000 5.126349925994873
230000 6.15563702583313
240000 4.028216361999512
250000 4.80634880065918
260000 5.0390448570251465
270000 6.051653861999512
280000 5.166575908660889
290000 8.476799249649048
300000 5.638581037521362
310000 5.952587604522705
320000 7.457151174545288
